bias:-9.346778536983521
reverse:-0.4587987876471682
numFood:20.272001975326624
closestFood:-0.5294740765855166
closestFriend:-7.9341986443237325
closestGhost:-1.1856262912988196
pacInTunnel:0.08928945110776286
5*5space:-0.8314517355327647
