bias:64.72917926756644
reverse:-0.46337671347051057
numFood:41.761692321512506
closestFood:30.55428793370667
closestFriend:1.6226924301270145
closestGhost:-0.04131233710420812
pacInTunnel:0.4504220002413985
5*5space:-4.828708638677719
