bias:0.8909085627325937
closestGhost:-0.5220397932552256
closestFood:1.0077582303062829
pacInTunnel:-0.234694689840104
reverse:-1.2279716889517867
numFood:-0.41941348571584436
5*5space:-0.32399579701743547
closestFriend:-0.9997704471769797
