bias:0.9300668024478947
closestGhost:-0.513631478636473
closestFood:0.9965332369263286
ghostInTunnel:-0.12389771692505291
reverse:-1.1451245319828138
numFood:-0.25702502678378836
5*5space:0.12157093435296178
closestFriend:-0.9989981052835091
