bias:0.6609442243433152
closestGhost:-0.5624354732652838
closestFood:1.0873830839003797
pacInTunnel:-0.09412304850817788
reverse:-1.1011204188164705
numFood:0.06279770985762405
5*5space:-0.5426859028607812
closestFriend:-0.9128809463607122
