pacInTunnel:1.4768609329076352
closestFriend:-0.15369004759381052
numFood:-9.284430438370121
closestFood:22.29368458206957
reverse:0.4380851443145807
eatFoodFeature:6.14847290562145
5*5space:12.51458666060072
2_step_foods:2.500861044126211
closestGhost:-7.944397863682992
bias:0.0
