reverse:-1.206823713889343
ghostInTunnel:-0.07961757700865628
closestFriend:-0.9935472046044252
closestFood:0.9935903911633654
closestGhost:-0.5309096045452754
bias:0.9130232607056304
numFood:-0.4843745970384112
5*5space:0.07237636771935371
