bias:0.9158023573491149
reverse:-1.1090058544773689
numFood:-1.2432252847883136
closestFood:1.0023405889506152
closestFriend:-1.0136974856340435
closestGhost:-0.5094073031945798
ghostInTunnel:-0.19572421285010078
5*5space:0.09987533961869441
