5*5space:-1.5916415129430996
numFood:28.609135705210857
bias:-1.6634524186671586
closestFood:0.9540439153526293
pacInTunnel:-1.3160628074743324
closestGhost:-0.6195080844554256
closestFriend:-1.3808753484657001
reverse:-1.1787529936526768
