bias:0.8678922584765363
closestGhost:-0.5229925264071911
closestFood:0.9992947975780401
ghostInTunnel:-0.1973659433310339
reverse:-1.2485262342515633
numFood:-1.2291301548320483
5*5space:0.060094609589008745
closestFriend:-0.9969644142714712
