bias:58.98175215609647
reverse:-0.3682492191847964
numFood:36.579959388477725
closestFood:26.650134389316005
closestFriend:1.615993272473264
closestGhost:0.07580181522425138
pacInTunnel:0.8234704648349634
5*5space:-3.7189253186020244